 1  35  461
 1  461  50
 1  50  482
 1  482  147
 1  147  35
 2  210  462
 2  462  85
 2  85  260
 2  260  406
 2  406  472
 2  472  210
 3  33  332
 3  332  424
 3  424  320
 3  320  370
 3  370  33
 4  176  43
 4  43  425
 4  425  496
 4  496  289
 4  289  136
 4  136  176
 5  378  460
 5  460  387
 5  387  417
 5  417  378
 6  56  507
 6  507  414
 6  414  525
 6  525  182
 6  182  289
 6  289  56
 7  85  510
 7  510  183
 7  183  532
 7  532  546
 7  546  260
 7  260  85
 8  274  356
 8  356  212
 8  212  487
 8  487  474
 8  474  318
 8  318  274
 9  308  126
 9  126  499
 9  499  368
 9  368  308
 10  227  346
 10  346  83
 10  83  284
 10  284  350
 10  350  429
 10  429  227
 11  176  136
 11  136  397
 11  397  296
 11  296  249
 11  249  176
 12  165  355
 12  355  506
 12  506  427
 12  427  19
 12  19  522
 12  522  315
 12  315  343
 12  343  165
 13  247  348
 13  348  30
 13  30  368
 13  368  480
 13  480  247
 14  224  247
 14  247  181
 14  181  309
 14  309  254
 14  254  459
 14  459  224
 15  181  316
 15  316  152
 15  152  233
 15  233  309
 15  309  181
 16  42  235
 16  235  375
 16  375  423
 16  423  318
 16  318  401
 16  401  42
 17  34  161
 17  161  415
 17  415  281
 17  281  64
 17  64  135
 17  135  34
 18  272  514
 18  514  166
 18  166  586
 18  586  272
 19  427  121
 19  121  458
 19  458  522
 20  189  444
 20  444  588
 20  588  600
 20  600  189
 21  250  428
 21  428  270
 21  270  495
 21  495  385
 21  385  104
 21  104  23
 21  23  512
 21  512  250
 22  379  498
 22  498  531
 22  531  596
 22  596  544
 22  544  491
 22  491  379
 23  104  422
 23  422  454
 23  454  139
 23  139  280
 23  280  437
 23  437  512
 24  160  378
 24  378  514
 24  514  272
 24  272  427
 24  427  506
 24  506  167
 24  167  160
 25  148  436
 25  436  463
 25  463  504
 25  504  497
 25  497  417
 25  417  387
 25  387  528
 25  528  148
 26  146  370
 26  370  320
 26  320  168
 26  168  146
 27  55  237
 27  237  88
 27  88  29
 27  29  517
 27  517  225
 27  225  55
 28  124  95
 28  95  313
 28  313  222
 28  222  130
 28  130  218
 28  218  275
 28  275  334
 28  334  92
 28  92  310
 28  310  124
 29  88  403
 29  403  118
 29  118  421
 29  421  517
 30  348  264
 30  264  505
 30  505  70
 30  70  308
 30  308  368
 31  242  293
 31  293  34
 31  34  135
 31  135  314
 31  314  37
 31  37  242
 32  419  175
 32  175  282
 32  282  184
 32  184  485
 32  485  208
 32  208  60
 32  60  419
 33  60  332
 33  370  91
 33  91  330
 33  330  60
 34  293  434
 34  434  577
 34  577  278
 34  278  206
 34  206  161
 35  70  521
 35  521  48
 35  48  93
 35  93  87
 35  87  461
 35  147  70
 36  62  514
 36  514  417
 36  417  497
 36  497  54
 36  54  439
 36  439  62
 37  314  468
 37  468  384
 37  384  471
 37  471  242
 38  178  306
 38  306  515
 38  515  209
 38  209  144
 38  144  211
 38  211  322
 38  322  178
 39  219  390
 39  390  338
 39  338  65
 39  65  202
 39  202  61
 39  61  219
 40  222  255
 40  255  479
 40  479  222
 41  57  410
 41  410  352
 41  352  261
 41  261  338
 41  338  390
 41  390  119
 41  119  269
 41  269  57
 42  172  375
 42  375  235
 42  401  193
 42  193  295
 42  295  67
 42  67  172
 43  176  376
 43  376  179
 43  179  323
 43  323  358
 43  358  273
 43  273  425
 44  76  201
 44  201  276
 44  276  336
 44  336  142
 44  142  49
 44  49  58
 44  58  76
 45  303  86
 45  86  97
 45  97  216
 45  216  307
 45  307  374
 45  374  303
 46  86  500
 46  500  488
 46  488  363
 46  363  86
 47  198  450
 47  450  466
 47  466  396
 47  396  341
 47  341  198
 48  521  158
 48  158  435
 48  435  93
 49  142  109
 49  109  486
 49  486  349
 49  349  133
 49  133  373
 49  373  58
 50  461  228
 50  228  296
 50  296  196
 50  196  482
 51  212  449
 51  449  103
 51  103  96
 51  96  487
 51  487  212
 52  157  446
 52  446  122
 52  122  393
 52  393  376
 52  376  157
 53  197  225
 53  225  90
 53  90  372
 53  372  258
 53  258  321
 53  321  197
 54  497  416
 54  416  439
 55  197  362
 55  362  286
 55  286  237
 55  225  197
 56  114  383
 56  383  106
 56  106  453
 56  453  252
 56  252  507
 56  289  496
 56  496  114
 57  168  424
 57  424  410
 57  269  168
 58  373  455
 58  455  399
 58  399  508
 58  508  243
 58  243  76
 59  239  360
 59  360  593
 59  593  239
 60  208  154
 60  154  332
 60  330  134
 60  134  194
 60  194  419
 61  202  74
 61  74  123
 61  123  219
 62  389  514
 62  439  490
 62  490  389
 63  64  163
 63  163  508
 63  508  253
 63  253  108
 63  108  384
 63  384  468
 63  468  64
 64  281  124
 64  124  163
 64  468  314
 64  314  135
 65  338  267
 65  267  110
 65  110  202
 66  125  426
 66  426  128
 66  128  276
 66  276  201
 66  201  125
 67  295  350
 67  350  188
 67  188  475
 67  475  465
 67  465  172
 68  419  190
 68  190  175
 68  175  419
 69  261  352
 69  352  469
 69  469  287
 69  287  331
 69  331  261
 70  505  191
 70  191  521
 70  147  308
 71  79  145
 71  145  325
 71  325  587
 71  587  79
 72  256  563
 72  563  509
 72  509  520
 72  520  335
 72  335  256
 73  196  525
 73  525  414
 73  414  380
 73  380  77
 73  77  324
 73  324  482
 73  482  196
 74  202  348
 74  348  247
 74  247  224
 74  224  123
 75  237  493
 75  493  364
 75  364  266
 75  266  560
 75  560  237
 76  125  201
 76  243  334
 76  334  125
 77  380  186
 77  186  324
 78  179  393
 78  393  203
 78  203  204
 78  204  323
 78  323  179
 79  244  404
 79  404  146
 79  146  280
 79  280  145
 79  587  244
 80  113  214
 80  214  409
 80  409  450
 80  450  198
 80  198  442
 80  442  192
 80  192  420
 80  420  113
 81  82  361
 81  361  162
 81  162  343
 81  343  440
 81  440  339
 81  339  82
 82  329  300
 82  300  361
 82  339  391
 82  391  329
 83  346  215
 83  215  159
 83  159  268
 83  268  503
 83  503  284
 84  155  478
 84  478  582
 84  582  558
 84  558  573
 84  573  371
 84  371  155
 85  462  344
 85  344  443
 85  443  510
 86  303  500
 86  363  97
 87  93  228
 87  228  461
 88  237  185
 88  185  403
 89  227  441
 89  441  155
 89  155  371
 89  371  492
 89  492  231
 89  231  227
 90  225  517
 90  517  372
 91  370  404
 91  404  330
 92  334  243
 92  243  163
 92  163  310
 93  435  249
 93  249  228
 94  288  339
 94  339  545
 94  545  569
 94  569  288
 95  124  415
 95  415  313
 96  103  180
 96  180  498
 96  498  379
 96  379  220
 96  220  487
 97  363  299
 97  299  357
 97  357  216
 98  223  411
 98  411  114
 98  114  496
 98  496  425
 98  425  223
 99  185  562
 99  562  256
 99  256  408
 99  408  185
 100  144  209
 100  209  481
 100  481  197
 100  197  321
 100  321  144
 101  159  215
 101  215  528
 101  528  141
 101  141  159
 102  119  259
 102  259  437
 102  437  342
 102  342  269
 102  269  119
 103  449  297
 103  297  180
 104  385  422
 105  109  142
 105  142  445
 105  445  157
 105  157  249
 105  249  435
 105  435  486
 105  486  109
 106  383  305
 106  305  452
 106  452  511
 106  511  172
 106  172  453
 107  110  267
 107  267  207
 107  207  348
 107  348  110
 108  253  213
 108  213  431
 108  431  271
 108  271  200
 108  200  384
 110  348  202
 111  149  432
 111  432  402
 111  402  492
 111  492  173
 111  173  588
 111  588  444
 111  444  149
 112  120  579
 112  579  561
 112  561  407
 112  407  504
 112  504  463
 112  463  120
 113  152  214
 113  420  513
 113  513  152
 114  411  170
 114  170  383
 115  137  511
 115  511  452
 115  452  326
 115  326  290
 115  290  137
 116  194  533
 116  533  576
 116  576  194
 117  270  169
 117  169  241
 117  241  489
 117  489  400
 117  400  270
 118  403  185
 118  185  408
 118  408  226
 118  226  335
 118  335  333
 118  333  520
 118  520  449
 118  449  421
 119  390  219
 119  219  259
 120  149  600
 120  600  590
 120  590  598
 120  598  579
 120  463  149
 121  427  272
 121  272  570
 121  570  458
 122  446  382
 122  382  265
 122  265  203
 122  203  393
 123  224  250
 123  250  512
 123  512  259
 123  259  219
 124  281  415
 124  310  163
 125  218  426
 125  334  275
 125  275  218
 126  308  412
 126  412  396
 126  396  499
 127  352  410
 127  410  424
 127  424  469
 127  469  352
 128  426  467
 128  467  345
 128  345  265
 128  265  276
 129  204  392
 129  392  345
 129  345  291
 129  291  294
 129  294  178
 129  178  204
 130  222  479
 130  479  285
 130  285  433
 130  433  218
 131  183  443
 131  443  291
 131  291  229
 131  229  239
 131  239  183
 132  255  571
 132  571  547
 132  547  394
 132  394  138
 132  138  479
 132  479  255
 133  349  304
 133  304  287
 133  287  373
 134  330  245
 134  245  533
 134  533  194
 136  289  397
 137  205  511
 137  290  423
 137  423  205
 138  394  572
 138  572  543
 138  543  501
 138  501  285
 138  285  479
 139  454  473
 139  473  325
 139  325  280
 140  187  475
 140  475  527
 140  527  380
 140  380  187
 141  528  377
 141  377  442
 141  442  159
 142  336  445
 143  169  459
 143  459  405
 143  405  234
 143  234  169
 144  321  199
 144  199  447
 144  447  211
 145  280  325
 146  404  370
 146  168  269
 146  269  280
 147  482  412
 147  412  308
 148  215  346
 148  346  217
 148  217  436
 148  528  215
 149  230  432
 149  444  189
 149  189  600
 149  463  230
 150  173  353
 150  353  588
 150  588  173
 151  152  513
 151  513  174
 151  174  464
 151  464  309
 151  309  233
 151  233  152
 152  316  301
 152  301  214
 153  195  501
 153  501  365
 153  365  529
 153  529  564
 153  564  257
 153  257  195
 154  208  251
 154  251  451
 154  451  398
 154  398  469
 154  469  332
 155  441  401
 155  401  456
 155  456  478
 156  192  460
 156  460  378
 156  378  160
 156  160  420
 156  420  192
 157  445  518
 157  518  347
 157  347  446
 157  376  176
 157  176  249
 158  521  418
 158  418  435
 159  442  268
 160  167  420
 161  206  555
 161  555  589
 161  589  578
 161  578  415
 162  361  464
 162  464  477
 162  477  386
 162  386  343
 163  243  508
 164  301  316
 164  316  368
 164  368  499
 164  499  466
 164  466  301
 165  174  355
 165  343  386
 165  386  477
 165  477  174
 166  514  389
 166  389  586
 167  506  355
 167  355  483
 167  483  457
 167  457  420
 168  320  424
 169  270  367
 169  367  459
 169  234  241
 170  411  328
 170  328  292
 170  292  305
 170  305  383
 171  262  319
 171  319  327
 171  327  502
 171  502  341
 171  341  412
 171  412  324
 171  324  262
 172  511  205
 172  205  375
 172  465  453
 173  492  371
 173  371  353
 174  513  483
 174  483  355
 174  477  464
 175  190  549
 175  549  282
 177  262  448
 177  448  519
 177  519  319
 177  319  262
 178  294  306
 178  322  204
 179  376  393
 180  297  583
 180  583  531
 180  531  498
 181  247  480
 181  480  316
 182  525  397
 182  397  289
 183  510  443
 183  239  279
 183  279  530
 183  530  532
 184  282  242
 184  242  471
 184  471  470
 184  470  485
 185  237  550
 185  550  562
 186  380  484
 186  484  262
 186  262  324
 187  252  465
 187  465  475
 187  380  240
 187  240  252
 188  350  284
 188  284  516
 188  516  475
 190  419  576
 190  576  359
 190  359  581
 190  581  557
 190  557  549
 191  505  369
 191  369  351
 191  351  521
 192  442  377
 192  377  460
 193  401  441
 193  441  227
 193  227  429
 193  429  295
 194  576  419
 195  299  298
 195  298  488
 195  488  501
 195  257  299
 196  296  397
 196  397  525
 197  481  238
 197  238  362
 198  341  502
 198  502  519
 198  519  442
 199  321  258
 199  258  236
 199  236  388
 199  388  328
 199  328  248
 199  248  447
 200  271  470
 200  470  471
 200  471  384
 203  265  392
 203  392  204
 204  322  447
 204  447  323
 205  423  375
 206  278  555
 207  267  524
 207  524  526
 207  526  369
 207  369  264
 207  264  348
 208  485  430
 208  430  251
 209  515  481
 210  238  481
 210  481  515
 210  515  344
 210  344  462
 210  472  354
 210  354  238
 211  447  322
 212  356  366
 212  366  449
 213  253  373
 213  373  287
 213  287  523
 213  523  431
 214  301  409
 216  357  311
 216  311  360
 216  360  307
 217  346  402
 217  402  432
 217  432  230
 217  230  436
 218  433  488
 218  488  500
 218  500  426
 220  379  478
 220  478  456
 220  456  395
 220  395  487
 221  291  443
 221  443  294
 221  294  291
 222  313  415
 222  415  255
 223  248  411
 223  425  248
 224  459  367
 224  367  250
 226  408  256
 226  256  335
 227  231  346
 228  249  296
 229  291  374
 229  374  307
 229  307  360
 229  360  239
 230  463  436
 231  492  263
 231  263  346
 232  388  302
 232  302  413
 232  413  438
 232  438  494
 232  494  388
 234  405  329
 234  329  391
 234  391  246
 234  246  241
 236  258  372
 236  372  517
 236  517  421
 236  421  438
 236  438  413
 236  413  388
 237  286  493
 237  560  568
 237  568  550
 238  354  362
 239  593  279
 240  380  507
 240  507  252
 241  246  575
 241  575  542
 241  542  489
 242  282  476
 242  476  565
 242  565  592
 242  592  559
 242  559  577
 242  577  434
 242  434  293
 244  245  277
 244  277  404
 244  587  533
 244  533  245
 245  330  404
 245  404  277
 246  391  288
 246  288  575
 248  328  411
 248  425  358
 248  358  447
 250  367  428
 251  430  451
 252  453  465
 253  508  399
 253  399  455
 253  455  373
 254  309  337
 254  337  459
 255  415  554
 255  554  571
 256  562  563
 257  564  599
 257  599  357
 257  357  299
 259  512  437
 260  546  552
 260  552  567
 260  567  406
 261  331  524
 261  524  267
 261  267  338
 262  484  448
 263  492  402
 263  402  346
 264  369  505
 265  345  392
 265  382  347
 265  347  276
 266  364  354
 266  354  381
 266  381  317
 266  317  540
 266  540  560
 268  442  519
 268  519  503
 269  342  280
 270  428  367
 270  400  584
 270  584  591
 270  591  495
 271  431  430
 271  430  470
 273  358  425
 274  290  326
 274  326  356
 274  318  423
 274  423  290
 276  347  518
 276  518  336
 278  577  555
 280  342  437
 282  549  553
 282  553  580
 282  580  283
 282  283  476
 283  580  565
 283  565  476
 284  503  516
 285  501  433
 286  362  364
 286  364  493
 287  304  331
 287  469  523
 288  391  339
 288  569  575
 291  345  303
 291  303  374
 292  328  388
 292  388  494
 292  494  305
 294  443  306
 295  429  350
 297  449  509
 297  509  534
 297  534  583
 298  299  363
 298  363  488
 300  329  405
 300  405  459
 300  459  337
 300  337  361
 301  466  450
 301  450  409
 302  388  413
 303  345  467
 303  467  500
 304  349  526
 304  526  524
 304  524  331
 305  494  438
 305  438  452
 306  443  515
 309  464  337
 311  357  599
 311  599  551
 311  551  360
 312  398  451
 312  451  430
 312  430  431
 312  431  523
 312  523  398
 315  522  556
 315  556  545
 315  545  440
 315  440  343
 316  480  368
 317  381  472
 317  472  538
 317  538  540
 318  474  401
 319  519  502
 319  502  327
 323  447  358
 324  412  482
 325  473  595
 325  595  587
 326  452  421
 326  421  356
 332  469  424
 333  335  520
 336  518  445
 337  464  361
 339  440  545
 340  407  535
 340  535  416
 340  416  497
 340  497  504
 340  504  407
 341  396  412
 344  515  443
 347  382  446
 349  486  418
 349  418  526
 351  369  526
 351  526  418
 351  418  521
 353  371  573
 353  573  588
 354  472  381
 354  364  362
 356  421  366
 359  576  581
 360  551  593
 365  501  543
 365  543  529
 366  421  449
 377  528  387
 377  387  460
 378  417  514
 379  491  597
 379  597  539
 379  539  478
 380  414  507
 380  527  484
 385  495  591
 385  591  536
 385  536  422
 389  490  566
 389  566  586
 394  547  572
 395  456  474
 395  474  487
 396  466  499
 398  523  469
 400  489  542
 400  542  574
 400  574  584
 401  474  456
 406  567  541
 406  541  537
 406  537  594
 406  594  472
 407  561  535
 415  578  554
 416  535  566
 416  566  439
 418  486  435
 420  457  513
 421  452  438
 422  536  454
 426  500  467
 430  485  470
 433  501  488
 439  566  490
 448  484  527
 448  527  516
 448  516  503
 448  503  519
 449  520  509
 454  536  595
 454  595  473
 457  483  513
 458  570  522
 472  594  548
 472  548  585
 472  585  538
 475  516  527
 478  539  582
 491  544  597
 509  563  534
 522  570  556

